train 2966
ood 506
id 2460
[(2, 28), (3, 79), (4, 211), (5, 263), (6, 403), (7, 399), (8, 384), (9, 326), (10, 225), (11, 177), (12, 136), (13, 96), (14, 75), (15, 53), (16, 27), (17, 18), (18, 15), (19, 10), (20, 13), (21, 8), (22, 7), (23, 3), (24, 1), (25, 1), (26, 2), (27, 3), (30, 1), (37, 1), (48, 1)]
val 770
ood 154
id 616
[(2, 8), (3, 27), (4, 50), (5, 76), (6, 90), (7, 98), (8, 95), (9, 84), (10, 56), (11, 54), (12, 38), (13, 27), (14, 21), (15, 9), (16, 6), (17, 8), (18, 6), (19, 3), (20, 4), (21, 4), (22, 2), (23, 1), (24, 2), (65, 1)]
test 4528
ood 2614
id 1914
[(3, 114), (4, 346), (5, 489), (6, 454), (7, 436), (8, 311), (9, 235), (10, 192), (11, 143), (12, 133), (13, 153), (14, 187), (15, 201), (16, 209), (17, 202), (18, 180), (19, 172), (20, 109), (21, 73), (22, 59), (23, 28), (24, 23), (25, 12), (26, 7), (27, 2), (28, 7), (29, 4), (30, 7), (31, 2), (32, 4), (33, 3), (34, 3), (35, 3), (36, 1), (37, 4), (38, 3), (40, 3), (41, 2), (42, 1), (43, 2), (46, 3), (48, 1), (51, 1), (56, 2), (62, 1), (101, 1)]
